Stage 1 effectiveness 0.750, Stage 2 0.800
Air alone reaches 21.0 C whenever outside air <= 16.9 C
  air_only_%                  84.76
  seawater_%                  15.11
  chiller_%                    0.14
  pump_runtime_%              15.24
  chiller_MWh_e_per_yr         0.01
  pump_MWh_e_per_yr            4.54
  peak_chiller_kw_th          17.14
 setpoint_c  eps1_design  outside_air_ratio  air_only_%  seawater_%  chiller_%  chiller_MWh_e_per_yr
       21.0         0.65                1.0       63.10       36.73       0.17                  0.02
       21.0         0.65                1.5       82.84       17.02       0.14                  0.01
       21.0         0.75                1.0       84.76       15.11       0.14                  0.01
       21.0         0.75                1.5       93.32        6.60       0.08                  0.01
       21.0         0.85                1.0       92.99        6.93       0.08                  0.01
       21.0         0.85                1.5       96.20        3.73       0.06                  0.01
       24.0         0.65                1.0       93.59        6.41       0.00                  0.00
       24.0         0.65                1.5       96.88        3.12       0.00                  0.00
       24.0         0.75                1.0       97.11        2.89       0.00                  0.00
       24.0         0.75                1.5       98.26        1.74       0.00                  0.00
       24.0         0.85                1.0       98.20        1.80       0.00                  0.00
       24.0         0.85                1.5       98.67        1.33       0.00                  0.00
stage  Air + seawater  Air only  Chiller trim
month                                        
1                 0.8      99.2           0.0
2                 3.0      97.0           0.0
3                 1.6      98.4           0.0
4                 5.1      94.9           0.0
5                12.0      88.0           0.0
6                19.3      80.7           0.0
7                24.6      75.4           0.0
8                35.9      62.9           1.2
9                39.5      60.4           0.1
10               31.0      68.6           0.4
11                7.1      92.9           0.0
12                0.7      99.3           0.0
