Design: eps 0.75 at equal flows -> NTU 5.05, UA 20.1 kW/K per module (3 modules per path, 3.35 m3/s each)
 gap_mm  plate_m  plates  height_m  path_volume_m3  channel_v_ms      Re  dp_pa
    3.0      0.6    3418     10.77           11.63          1.09  417.18  16.83
    3.0      0.8    1923      6.06           11.63          1.45  556.13  29.92
    3.0      1.0    1231      3.88           11.63          1.82  695.01  46.74
    3.0      1.2     855      2.69           11.63          2.18  833.87  67.30
    3.0      1.5     547      1.72           11.63          2.72 1042.72 105.19
    4.0      0.6    4557     18.91           20.42          0.61  312.91   5.33
    4.0      0.8    2563     10.64           20.42          0.82  417.26   9.47
    4.0      1.0    1641      6.81           20.43          1.02  521.36  14.79
    4.0      1.2    1140      4.73           20.44          1.23  625.40  21.29
    4.0      1.5     729      3.03           20.42          1.53  782.40  33.30
    5.0      0.6    5696     29.33           31.68          0.39  250.34   2.18
    5.0      0.8    3204     16.50           31.68          0.52  333.78   3.88
    5.0      1.0    2051     10.56           31.69          0.65  417.14   6.06
    5.0      1.2    1424      7.33           31.68          0.78  500.67   8.73
    5.0      1.5     912      4.70           31.70          0.98  625.40  13.63
    6.0      0.6    6835     42.04           45.40          0.27  208.62   1.05
    6.0      0.8    3845     23.65           45.40          0.36  278.14   1.87
    6.0      1.0    2461     15.14           45.41          0.45  347.64   2.92
    6.0      1.2    1709     10.51           45.40          0.55  417.18   4.21
    6.0      1.5    1094      6.73           45.41          0.68  521.36   6.57
    8.0      0.6    9113     74.27           80.21          0.15  156.47   0.33
    8.0      0.8    5126     41.78           80.21          0.20  208.63   0.59
    8.0      1.0    3281     26.74           80.22          0.26  260.76   0.92
    8.0      1.2    2279     18.57           80.24          0.31  312.84   1.33
    8.0      1.5    1458     11.88           80.21          0.38  391.20   2.08
                                           design  stage1_dp_pa  stack_height_m  total_volume_m3_both_paths  cooling_MWh  mech_PUE  cooling_MWh_with_bypass  mech_PUE_with_bypass
Assumed in energy model (compact commercial unit)       200.000             NaN                         NaN      274.557     1.116                  244.681                 1.103
             Plain plates, 3 mm gap, 1.2 m plates        67.297           2.693                      23.270      218.075     1.092                  188.198                 1.080
             Plain plates, 3 mm gap, 1.5 m plates       105.191           1.723                      23.261      234.204     1.099                  204.327                 1.086
             Plain plates, 4 mm gap, 1.5 m plates        33.299           3.025                      40.842      203.604     1.086                  173.728                 1.073
